0 ISS (ZARYA)
1 25544U 98067A   08264.51782528 -.00002182  00000-0 -11606-4 0  2927
2 25544  51.6416 247.4627 0006703 130.5360 325.0288 15.72125391563537
0 HUBBLE SPACE TELESCOPE
1 20580U 90037B   08264.46683138  .00001099  00000-0  56796-4 0  8018
2 20580  28.4699 266.5883 0002636 321.7771 350.5898 15.09309432993517
0 TERRA
1 25994U 99068A   08264.14531252  .00000099  00000-0  34261-4 0  5597
2 25994  98.2123  13.5589 0000825  89.0642 271.0758 14.57107527464088
0 AQUA
1 27424U 02022A   08264.14608073  .00000132  00000-0  44948-4 0  8568
2 27424  98.2034  12.2135 0002113  73.2089  40.6707 14.57113463328080
0 ENVISAT
1 27386U 02009A   08264.45093591  .00000013  00000-0  18902-4 0  5463
2 27386  98.5467 242.6725 0001305 102.6854 257.4485 14.37874511340469
0 GPS BIIA-21 (PRN 09)
1 24876U 97035A   08264.53869112 -.00000033  00000-0  10000-3 0  2345
2 24876  55.6052 197.0642 0048321  73.5364 286.9932  2.00562768 79937
0 GPS BIIR-2  (PRN 13)
1 24876U 97067A   08264.49434644 -.00000033  00000-0  10000-3 0  9996
2 24876  53.9998 136.5842 0095812 240.7925 118.0996  2.00561253 78569
0 NOAA 15
1 25338U 98030A   08264.54819991  .00000067  00000-0  61908-4 0  4786
2 25338  98.6084 174.7765 0009997 144.8921 215.3004 14.25935816530432
0 NOAA 16
1 26536U 00055A   08264.54558562  .00000055  00000-0  55036-4 0  5613
2 26536  98.9575 230.1143 0009993 216.5072 143.5435 14.12449088407485
0 NOAA 17
1 27453U 02032A   08264.54807838  .00000128  00000-0  79967-4 0  3367
2 27453  98.7276 171.6339 0011950 171.6708 188.4758 14.23971725320317